Camera Instrinsic Values:
K1 = [1.0306e+03,      0,       975.9483;
          0,     1.0340e+03,   625.6757;
          0,          0,         1      ];
          
K2 = [1081.22207031014,    0, 1012.20287739142;
             0,     1084.61271277629, 628.698761285123;
             0,                 0,                1];

K3 = [1128.41889951340,    0, 920.501306578775;
             0,     1132.46396807365, 610.399907500657;
             0,                 0,                1];
             
K4 = [1319.07309918545,     0, 944.889401806983;
              0,    1324.13643327630, 592.902712685061;
              0,                  0,                 1];

K5 = [908.999416815484,     0, 940.492623918948;
            0,      914.494187632712, 580.627501096933;
            0,                  0,                 1];

K6 = [972.140455812772,     0, 933.247615754323;
            0,      975.348466966099, 603.162191988792;
            0,                  0,                 1];


Camera-LiDAR Rotation Matrix:
CL1 = [0.8782, 0.4757, -0.0490, -1.8863; # front lidar
     0.1641, -0.2035, 0.9652, -4.7063;
     0.4492, -0.8557, -0.2568, 20.5713;
     0, 0, 0, 1.0000];
     
CL2 = [-0.2954,  0.9132, -0.2808, -3.4479; # front lidar
     -0.9505, -0.3105, -0.0098,  7.6047;
     -0.0962,  0.2640,  0.9597, 18.9464;
      0,       0,       0,      1.0000];

CL3 = [ 0,     -1.0000,  0,     -18.1846;  % left lidar
        0,      0,     -1.0000, -24.8557;
        1.0000, 0,      0,      188.4516;
        0,      0,      0,        1.0000];
        
CL4 = [ 0,     -1.0000,  0,      -2.3044; # right lidar
      0,      0,     -1.0000, -0.8262;
      1.0000, 0,      0,      18.2218;
      0,      0,      0,       1.0000];

CL5 = [ 0,    -1.0000,    0,     -2.7981; % left lidar
      0,     0,        -1.0000, -1.8528;
      1.0000, 0,         0,     12.2719;
      0,     0,         0,      1.0000 ];

CL5 = [  0.5850,   0.0123,  -0.8109,  -4.4231; % front lidar
       0.2019,  -0.9706,   0.1309,  -2.9397;
      -0.7855,  -0.2404,  -0.5703,  21.0040;
       0,        0,        0,       1.0000 ];



CL6 (with both lidars) = ?
      
LiDAR to LiDAR Extrinsic Calibration:
# Front to Left Transformation (not fully optimized!)
Final fitness score: 0.0039
Final RMSE: 0.0304

Transformation Matrix:
[[ 0.99665597  0.07881309  0.02157235 -0.81053721]
 [-0.07734793  0.9950789  -0.06192961  1.04862881]
 [-0.02634705  0.06005394  0.99784736 -0.80411832]
 [ 0.          0.          0.          1.        ]]
 
# Left to Back Transformation (not fully optimized!)
Total processing time: 13.79 seconds
Final fitness score: 0.0078
Final RMSE: 0.0319

Transformation Matrix:
[[ 0.99989192  0.01270843  0.00739277 -0.12859375]
 [-0.01267444  0.99990897 -0.00462651  0.05415734]
 [-0.00745089  0.00453231  0.99996197 -0.10277803]
 [ 0.          0.          0.          1.        ]]
 
# Back to Right Transformation (not fully optimized!)
Total processing time: 0.87 seconds
Final fitness score: 0.0009
Final RMSE: 0.0338

Transformation Matrix:
[[ 0.97881823  0.06217605  0.19506158  0.08416327]
 [-0.00444177  0.95899405 -0.2833914   0.53037671]
 [-0.20468305  0.27652225  0.93895702  0.83241637]
 [ 0.          0.          0.          1.        ]]
 
 # Right to Front Transformation (not fully optimized!)
Total processing time: 1.56 seconds
Final fitness score: 0.0030
Final RMSE: 0.0306

Transformation Matrix:
[[ 9.98555245e-01 -9.37258243e-03 -5.29110239e-02 -2.69809208e-01]
 [ 9.08284339e-03  9.99942426e-01 -5.71377910e-03 -4.16795553e-02]
 [ 5.29615304e-02  5.22494154e-03  9.98582884e-01 -3.14792985e-04]
 [ 0.00000000e+00  0.00000000e+00  0.00000000e+00  1.00000000e+00]]


Checkerboard Sizes:
Big one with Padding: approx 110cm or 43.25 inches
Big one without Padding: approx 99.85cm pr 39.325 inches
Smaller Checkerboard: 18.5 x 13 inches
